latitude=13.0121669
longitude=80.1666677
